00111000
01000100
01010010
01101010
00110010
00000100
01111000
00000000
00111100
00100100
00100100
01111110
01000110
01000110
01000110
00000000
00011110
00100010
00100010
00111110
01000110
01000110
01111110
00000000
01111110
01000010
00000010
00000110
00000110
01000110
01111110
00000000
00111110
01100010
01000010
01000110
01000110
01100110
00111110
00000000
01111110
00000010
00000010
00111110
00000110
00000110
01111110
00000000
01111110
00000010
00000010
01111110
00000110
00000110
00000110
00000000
01111110
01000010
00000010
01110110
01000110
01000110
01111110
00000000
01000010
01000010
01000010
01111110
01000110
01000110
01000110
00000000
00010000
00010000
00010000
00110000
00110000
00110000
00110000
00000000
00100000
00100000
00100000
01100000
01100000
01100010
01111110
00000000
01000010
00100010
00010010
00111110
01000110
01000110
01000110
00000000
00000010
00000010
00000010
00000110
00000110
00000110
01111110
00000000
01111110
01010010
01010010
01010110
01010110
01010110
01010110
00000000
01111110
01000010
01000010
01000110
01000110
01000110
01000110
00000000
01111110
01100010
01000010
01000010
01000010
01000010
01111110
00000000
01111110
01000010
01000010
01111110
00000110
00000110
00000110
00000000
01111110
01000010
01000010
01000010
01010010
01110010
01111110
00000000
00111110
00100010
00100010
00111110
01000110
01000110
01000110
00000000
01111110
01000010
00000010
01111110
01100000
01100010
01111110
00000000
01111100
00001000
00001000
00011000
00011000
00011000
00011000
00000000
01000010
01000010
01000010
01000110
01000110
01000110
01111110
00000000
01000110
01000110
01000110
01100110
00100100
00100100
00111100
00000000
01010010
01010010
01010010
01010110
01010110
01010110
01111110
00000000
01000010
01000010
01100110
00011000
01100110
01000110
01000110
00000000
01000100
01000100
01000100
01111100
00011000
00011000
00011000
00000000
01111110
01000010
01100000
00011000
00000110
01000110
01111110
00000000
00111100
00000100
00000100
00000100
00000100
00000100
00111100
00000000
00000000
00000010
00000100
00001000
00010000
00100000
01000000
00000000
00111100
00100000
00100000
00100000
00100000
00100000
00111100
00000000
00000000
00010000
00111000
01010100
00010000
00010000
00101000
00101000
00000000
00000000
00001000
00000100
11111110
00000100
00001000
00000000
00000000
00000000
00000000
00000000
00000000
00000000
00000000
00000000
00010000
00010000
00010000
00110000
00110000
00000000
00110000
00000000
00110110
00100100
00110110
00000000
00000000
00000000
00000000
00000000
00100100
00100100
01111110
00100100
01111110
00100100
00100100
00000000
00010000
01111100
00000100
01111100
01100000
01111100
00010000
00000000
00000000
01000110
00100110
00010000
00001000
01100100
01100010
00000000
00111100
00000100
00100100
01111110
00100110
00100110
00111110
00000000
00111000
00011000
00001000
00000000
00000000
00000000
00000000
00000000
00100000
00010000
00001000
00001000
00001000
00010000
00100000
00000000
00000100
00001000
00010000
00010000
00010000
00001000
00000100
00000000
00010000
01010100
00111000
01111100
00111000
01010100
00010000
00000000
00000000
00010000
00010000
01111100
00010000
00010000
00000000
00000000
00000000
00000000
00000000
00000000
00000000
00011000
00011000
00010000
00000000
00000000
00000000
01111110
00000000
00000000
00000000
00000000
00000000
00000000
00000000
00000000
00000000
00011000
00011000
00000000
00000000
01000000
00100000
00010000
00001000
00000100
00000010
00000000
01111110
01000110
01001010
01010010
01100010
01100010
01111110
00000000
00011000
00010000
00010000
00011000
00011000
01011000
01111100
00000000
01111110
01000010
01000000
01111110
00000110
00000110
01111110
00000000
00111110
00100010
00100000
01111000
01100000
01100010
01111110
00000000
00100010
00100010
00100010
00100010
01111110
00110000
00110000
00000000
01111110
00000010
01111110
01100000
01100000
01100010
01111110
00000000
01111110
01000010
00000010
01111110
01100010
01100010
01111110
00000000
01111110
01000000
01000000
01100000
01100000
01100000
01100000
00000000
00111100
00100100
00100100
01111110
01100010
01100010
01111110
00000000
01111110
01000010
01000010
01111110
01100000
01100000
01100000
00000000
00000000
00000000
00011000
00000000
00000000
00011000
00000000
00000000
00000000
00000000
00011000
00000000
00000000
00011000
00011000
00010000
01110000
00011000
00001100
00000110
00001100
00011000
01110000
00000000
00000000
00000000
01111110
00000000
01111110
00000000
00000000
00000000
00001110
00011000
00110000
01100000
00110000
00011000
00001110
00000000
01111110
01000000
01000000
01111110
00000110
00000000
00000110
00000000
00000000
00000000
00000000
00000000
11111111
00000000
00000000
00000000
00010000
00111000
01111100
11111110
11111110
00111000
01111100
00000000
00001000
00001000
00001000
00001000
00001000
00001000
00001000
00001000
00000000
00000000
00000000
11111111
00000000
00000000
00000000
00000000
00000000
00000000
11111111
00000000
00000000
00000000
00000000
00000000
00000000
11111111
00000000
00000000
00000000
00000000
00000000
00000000
00000000
00000000
00000000
00000000
00000000
11111111
00000000
00000000
00000100
00000100
00000100
00000100
00000100
00000100
00000100
00000100
00100000
00100000
00100000
00100000
00100000
00100000
00100000
00100000
00000000
00000000
00000000
00000000
00000111
00001000
00010000
00010000
00010000
00010000
00010000
00100000
11000000
00000000
00000000
00000000
00010000
00010000
00010000
00001000
00000111
00000000
00000000
00000000
00000001
00000001
00000001
00000001
00000001
00000001
00000001
11111111
00000001
00000010
00000100
00001000
00010000
00100000
01000000
10000000
10000000
01000000
00100000
00010000
00001000
00000100
00000010
00000001
11111111
00000001
00000001
00000001
00000001
00000001
00000001
00000001
11111111
10000000
10000000
10000000
10000000
10000000
10000000
10000000
00000000
00111100
01111110
01111110
01111110
01111110
00111100
00000000
00000000
00000000
00000000
00000000
00000000
00000000
11111111
00000000
01101100
11111110
11111110
11111110
01111100
00111000
00010000
00000000
00000010
00000010
00000010
00000010
00000010
00000010
00000010
00000010
00000000
00000000
00000000
00000000
11000000
00100000
00010000
00010000
10000001
01000010
00100100
00011000
00011000
00100100
01000010
10000001
00000000
00111100
01000010
01000010
01000010
01000010
00111100
00000000
00010000
00111000
01010100
11101110
01010100
00010000
00010000
00000000
01000000
01000000
01000000
01000000
01000000
01000000
01000000
01000000
00010000
00111000
01111100
11111110
01111100
00111000
00010000
00000000
00010000
00010000
00010000
00010000
11111111
00010000
00010000
00010000
00000101
00001010
00000101
00001010
00000101
00001010
00000101
00001010
00010000
00010000
00010000
00010000
00010000
00010000
00010000
00010000
00000000
00000000
10000000
01111100
00101010
00101000
00101000
00000000
11111111
11111110
11111100
11111000
11110000
11100000
11000000
10000000
00000000
00000000
00000000
00000000
00000000
00000000
00000000
00000000
00001111
00001111
00001111
00001111
00001111
00001111
00001111
00001111
00000000
00000000
00000000
00000000
11111111
11111111
11111111
11111111
11111111
00000000
00000000
00000000
00000000
00000000
00000000
00000000
00000000
00000000
00000000
00000000
00000000
00000000
00000000
11111111
00000001
00000001
00000001
00000001
00000001
00000001
00000001
00000001
01010101
10101010
01010101
10101010
01010101
10101010
01010101
10101010
10000000
10000000
10000000
10000000
10000000
10000000
10000000
10000000
00000000
00000000
00000000
00000000
01010101
10101010
01010101
10101010
11111111
01111111
00111111
00011111
00001111
00000111
00000011
00000001
11000000
11000000
11000000
11000000
11000000
11000000
11000000
11000000
00010000
00010000
00010000
00010000
11110000
00010000
00010000
00010000
00000000
00000000
00000000
00000000
11110000
11110000
11110000
11110000
00010000
00010000
00010000
00010000
11110000
00000000
00000000
00000000
00000000
00000000
00000000
00000000
00011111
00010000
00010000
00010000
00000000
00000000
00000000
00000000
00000000
00000000
11111111
11111111
00000000
00000000
00000000
00000000
11110000
00010000
00010000
00010000
00010000
00010000
00010000
00010000
11111111
00000000
00000000
00000000
00000000
00000000
00000000
00000000
11111111
00010000
00010000
00010000
00010000
00010000
00010000
00010000
00011111
00010000
00010000
00010000
00000011
00000011
00000011
00000011
00000011
00000011
00000011
00000011
00000111
00000111
00000111
00000111
00000111
00000111
00000111
00000111
11100000
11100000
11100000
11100000
11100000
11100000
11100000
11100000
11111111
11111111
00000000
00000000
00000000
00000000
00000000
00000000
11111111
11111111
11111111
00000000
00000000
00000000
00000000
00000000
00000000
00000000
00000000
00000000
00000000
11111111
11111111
11111111
10000000
10000000
10000000
10000000
10000000
10000000
10000000
11111111
00000000
00000000
00000000
00000000
00001111
00001111
00001111
00001111
11110000
11110000
11110000
11110000
00000000
00000000
00000000
00000000
00010000
00010000
00010000
00010000
00011111
00000000
00000000
00000000
00001111
00001111
00001111
00001111
00000000
00000000
00000000
00000000
00001111
00001111
00001111
00001111
11110000
11110000
11110000
11110000
00111000
01000100
01010010
01101010
00110010
00000100
01111000
00000000
00000000
00000000
00111100
00100000
00111110
00100110
00111110
00000000
00000010
00000010
01111110
01000010
01000110
01000110
01111110
00000000
00000000
00000000
01111110
01000010
00000110
01000110
01111110
00000000
01000000
01000000
01111110
01000010
01000110
01000110
01111110
00000000
00000000
00000000
01111110
01000010
01111110
00000110
01111110
00000000
01111000
01001000
00001000
00111110
00011000
00011000
00011000
00000000
00000000
00000000
01111110
01000010
01000110
01111110
01000000
01111110
00000010
00000010
01111110
01000010
01000110
01000110
01000110
00000000
00011000
00000000
00001000
00001000
00011000
00011000
00011000
00000000
00110000
00000000
00010000
00110000
00110000
00110000
00100010
00111110
00000010
00000010
00100010
00010010
00011110
00100110
00100110
00000000
00001000
00001000
00001000
00001000
00011000
00011000
00011000
00000000
00000000
00000000
11111110
10010010
10110110
10110110
10110110
00000000
00000000
00000000
01111110
01000010
01000110
01000110
01000110
00000000
00000000
00000000
01111110
01000010
01000110
01000110
01111110
00000000
00000000
00000000
01111110
01000010
01000110
01111110
00000010
00000010
00000000
00000000
01111110
01000010
01100010
01111110
01000000
01000000
00000000
00000000
01111110
00000010
00000110
00000110
00000110
00000000
00000000
00000000
01111110
00000010
01111110
01100000
01111110
00000000
00001000
00001000
00111110
00001000
00011000
00011000
00011000
00000000
00000000
00000000
01000010
01000010
01000110
01000110
01111110
00000000
00000000
00000000
01000110
01000110
01100110
00100100
00111100
00000000
00000000
00000000
10010010
10010010
10110110
10110110
11111110
00000000
00000000
00000000
01000010
01000010
00111100
01000110
01000110
00000000
00000000
00000000
01000110
01000110
01000010
01111110
01000000
01111110
00000000
00000000
01111110
01100000
00011000
00000110
01111110
00000000
00111100
00000100
00000100
00000100
00000100
00000100
00111100
00000000
00000000
00000010
00000100
00001000
00010000
00100000
01000000
00000000
00111100
00100000
00100000
00100000
00100000
00100000
00111100
00000000
00000000
00010000
00111000
01010100
00010000
00010000
00101000
00101000
00000000
00000000
00001000
00000100
11111110
00000100
00001000
00000000
00000000
00000000
00000000
00000000
00000000
00000000
00000000
00000000
00010000
00010000
00010000
00110000
00110000
00000000
00110000
00000000
00110110
00100100
00110110
00000000
00000000
00000000
00000000
00000000
00100100
00100100
01111110
00100100
01111110
00100100
00100100
00000000
00010000
01111100
00000100
01111100
01100000
01111100
00010000
00000000
00000000
01000110
00100110
00010000
00001000
01100100
01100010
00000000
00111100
00000100
00100100
01111110
00100110
00100110
00111110
00000000
00111000
00011000
00001000
00000000
00000000
00000000
00000000
00000000
00100000
00010000
00001000
00001000
00001000
00010000
00100000
00000000
00000100
00001000
00010000
00010000
00010000
00001000
00000100
00000000
00010000
01010100
00111000
01111100
00111000
01010100
00010000
00000000
00000000
00010000
00010000
01111100
00010000
00010000
00000000
00000000
00000000
00000000
00000000
00000000
00000000
00011000
00011000
00010000
00000000
00000000
00000000
01111110
00000000
00000000
00000000
00000000
00000000
00000000
00000000
00000000
00000000
00011000
00011000
00000000
00000000
01000000
00100000
00010000
00001000
00000100
00000010
00000000
01111110
01000110
01001010
01010010
01100010
01100010
01111110
00000000
00011100
00010000
00010000
00011000
00011000
01011000
01111100
00000000
01111110
01000010
01000000
01111110
00000110
00000110
01111110
00000000
00111110
00100010
00100000
01111000
01100000
01100010
01111110
00000000
00100010
00100010
00100010
00100010
01111110
00110000
00110000
00000000
01111110
00000010
01111110
01100000
01100000
01100010
01111110
00000000
01111110
01000010
00000010
01111110
01100010
01100010
01111110
00000000
01111110
01000000
01000000
01100000
01100000
01100000
01100000
00000000
00111100
00100100
00100100
01111110
01100010
01100010
01111110
00000000
01111110
01000010
01000010
01111110
01100000
01100000
01100000
00000000
00000000
00000000
00011000
00000000
00000000
00011000
00000000
00000000
00000000
00000000
00011000
00000000
00000000
00011000
00011000
00010000
01110000
00011000
00001100
00000110
00001100
00011000
01110000
00000000
00000000
00000000
01111110
00000000
01111110
00000000
00000000
00000000
00001110
00011000
00110000
01100000
00110000
00011000
00001110
00000000
01111110
01000000
01000000
01111110
00000110
00000000
00000110
00000000
00000000
00000000
00000000
00000000
11111111
00000000
00000000
00000000
00111100
00100100
00100100
01111110
01000110
01000110
01000110
00000000
00011110
00100010
00100010
00111110
01000110
01000110
01111110
00000000
01111110
01000010
00000010
00000110
00000110
01000110
01111110
00000000
00111110
01100010
01000010
01000110
01000110
01100110
00111110
00000000
01111110
00000010
00000010
00011110
00000110
00000110
01111110
00000000
01111110
00000010
00000010
01111110
00000110
00000110
00000110
00000000
01111110
01000010
00000010
01110110
01000110
01000110
01111110
00000000
01000010
01000010
01000010
01111110
01000110
01000110
01000110
00000000
00010000
00010000
00010000
00110000
00110000
00110000
00110000
00000000
00100000
00100000
00100000
01100000
01100000
01100010
01111110
00000000
01000010
00100010
00010010
00111110
01000110
01000110
01000110
00000000
00000010
00000010
00000010
00000110
00000110
00000110
01111110
00000000
01111110
01010010
01010010
01010110
01010110
01010110
01010110
00000000
01111110
01000010
01000010
01000110
01000110
01000110
01000110
00000000
01111110
01100010
01000010
01000010
01000010
01000010
01111110
00000000
01111110
01000010
01000010
01111110
00000110
00000110
00000110
00000000
01111110
01000010
01000010
01000010
01010010
01110010
01111110
00000000
00111110
00100010
00100010
00111110
01000110
01000110
01000110
00000000
01111110
01000010
00000010
01111110
01100000
01100010
01111110
00000000
01111100
00001000
00001000
00011000
00011000
00011000
00011000
00000000
01000010
01000010
01000010
01000110
01000110
01000110
01111110
00000000
01000110
01000110
01000110
01100110
00100100
00100100
00111100
00000000
01010010
01010010
01010010
01010110
01010110
01010110
01111110
00000000
01000010
01000010
01100110
00111100
01100110
01000110
01000110
00000000
01000100
01000100
01000100
01111100
00011000
00011000
00011000
00000000
01111110
01000010
01100000
00011000
00000110
01000110
01111110
00000000
00010000
00010000
00010000
00010000
11111111
00010000
00010000
00010000
00000101
00001010
00000101
00001010
00000101
00001010
00000101
00001010
00010000
00010000
00010000
00010000
00010000
00010000
00010000
00010000
00110011
00110011
11001100
11001100
00110011
00110011
11001100
11001100
00110011
01100110
11001100
10011001
00110011
01100110
11001100
10011001
00000000
00000000
00000000
00000000
00000000
00000000
00000000
00000000
00001111
00001111
00001111
00001111
00001111
00001111
00001111
00001111
00000000
00000000
00000000
00000000
11111111
11111111
11111111
11111111
11111111
00000000
00000000
00000000
00000000
00000000
00000000
00000000
00000000
00000000
00000000
00000000
00000000
00000000
00000000
11111111
00000001
00000001
00000001
00000001
00000001
00000001
00000001
00000001
01010101
10101010
01010101
10101010
01010101
10101010
01010101
10101010
10000000
10000000
10000000
10000000
10000000
10000000
10000000
10000000
00000000
00000000
00000000
00000000
01010101
10101010
01010101
10101010
10011001
11001100
01100110
00110011
10011001
11001100
01100110
00110011
11000000
11000000
11000000
11000000
11000000
11000000
11000000
11000000
00010000
00010000
00010000
00010000
11110000
00010000
00010000
00010000
00000000
00000000
00000000
00000000
11110000
11110000
11110000
11110000
00010000
00010000
00010000
00010000
11110000
00000000
00000000
00000000
00000000
00000000
00000000
00000000
00011111
00010000
00010000
00010000
00000000
00000000
00000000
00000000
00000000
00000000
11111111
11111111
00000000
00000000
00000000
00000000
11110000
00010000
00010000
00010000
00010000
00010000
00010000
00010000
11111111
00000000
00000000
00000000
00000000
00000000
00000000
00000000
11111111
00010000
00010000
00010000
00010000
00010000
00010000
00010000
00011111
00010000
00010000
00010000
00000011
00000011
00000011
00000011
00000011
00000011
00000011
00000011
00000111
00000111
00000111
00000111
00000111
00000111
00000111
00000111
11100000
11100000
11100000
11100000
11100000
11100000
11100000
11100000
11111111
11111111
00000000
00000000
00000000
00000000
00000000
00000000
11111111
11111111
11111111
00000000
00000000
00000000
00000000
00000000
00000000
00000000
00000000
00000000
00000000
11111111
11111111
11111111
10000000
01000000
00100010
00010010
00001010
00000110
00000010
00000000
00000000
00000000
00000000
00000000
00001111
00001111
00001111
00001111
11110000
11110000
11110000
11110000
00000000
00000000
00000000
00000000
00010000
00010000
00010000
00010000
00011111
00000000
00000000
00000000
00001111
00001111
00001111
00001111
00000000
00000000
00000000
00000000
00001111
00001111
00001111
00001111
11110000
11110000
11110000
11110000
